-0.99991
-0.9999
-0.99989
-0.99988
-0.99986
-0.99985
-0.99983
-0.99982
-0.9998
-0.99978
-0.99975
-0.99973
-0.9997
-0.99967
-0.99963
-0.99959
-0.99955
-0.9995
-0.99945
-0.99939
-0.99933
-0.99926
-0.99918
-0.99909
-0.999
-0.99889
-0.99878
-0.99865
-0.99851
-0.99835
-0.99818
-0.99799
-0.99777
-0.99754
-0.99728
-0.997
-0.99668
-0.99633
-0.99595
-0.99552
-0.99505
-0.99454
-0.99396
-0.99333
-0.99263
-0.99186
-0.99101
-0.99007
-0.98903
-0.98788
-0.98661
-0.98522
-0.98367
-0.98197
-0.9801
-0.97803
-0.97574
-0.97323
-0.97045
-0.9674
-0.96403
-0.96032
-0.95624
-0.95175
-0.94681
-0.94138
-0.93541
-0.92886
-0.92167
-0.91379
-0.90515
-0.89569
-0.88535
-0.87405
-0.86172
-0.84828
-0.83365
-0.81775
-0.8005
-0.78181
-0.76159
-0.73978
-0.7163
-0.69107
-0.66404
-0.63515
-0.60437
-0.57167
-0.53705
-0.50052
-0.46212
-0.4219
-0.37995
-0.33638
-0.29131
-0.24492
-0.19738
-0.14889
-0.099668
-0.049958
0
0.049958
0.099668
0.14889
0.19738
0.24492
0.29131
0.33638
0.37995
0.4219
0.46212
0.50052
0.53705
0.57167
0.60437
0.63515
0.66404
0.69107
0.7163
0.73978
0.76159
0.78181
0.8005
0.81775
0.83365
0.84828
0.86172
0.87405
0.88535
0.89569
0.90515
0.91379
0.92167
0.92886
0.93541
0.94138
0.94681
0.95175
0.95624
0.96032
0.96403
0.9674
0.97045
0.97323
0.97574
0.97803
0.9801
0.98197
0.98367
0.98522
0.98661
0.98788
0.98903
0.99007
0.99101
0.99186
0.99263
0.99333
0.99396
0.99454
0.99505
0.99552
0.99595
0.99633
0.99668
0.997
0.99728
0.99754
0.99777
0.99799
0.99818
0.99835
0.99851
0.99865
0.99878
0.99889
0.999
0.99909
0.99918
0.99926
0.99933
0.99939
0.99945
0.9995
0.99955
0.99959
0.99963
0.99967
0.9997
0.99973
0.99975
0.99978
0.9998
0.99982
0.99983
0.99985
0.99986
0.99988
0.99989
0.9999
